,0,1,2,3,4,5,6,7,8,9,10,11,12,13,14,15,16,17,18,19,20,21,22,23,24,25,26,27,28,29,30,31,32,33,34,35,36,37,38,39,40,41,42,43,44,45,46,47,48,49,50,51,52,53,54,55,56,57,58,59,60,61,62,63,64,65,66,67,68,69,70,71,72,73,74,75,76,77,78,79,80,81,82,83,84,85,86,87,88,89,90,91,92,93,94,95,96,97,98,99,100,101,102,103,104,105,106,107,108,109,110,111,112,113,114,115,116,117,118,119,120,121,122,123,124,125,126,127,128,129,130,131,132,133,134,135,136,137,138,139
0,1.0,0.908879383959485,0.885736150988837,0.35823096300775825,0.9589706932026044,0.0668099157796477,0.33709713397006486,0.19812478299389016,0.07438824698534126,0.9675415080494136,0.10602780388340595,,,,0.6907394603707943,0.5565348183973631,0.7115276661420883,0.08546478594001214,0.631831855818852,0.5358954523278001,0.6844044019866813,0.6327223042751717,0.7964487133237796,0.49351482890666665,0.13628378283663392,,0.006053148891744294,,0.05212726294695403,0.20730891156439124,0.013817249580619105,0.36444410435435465,0.01610239220196049,0.4109431104983312,0.40705845586807826,0.41174124174170773,0.24367740643963182,0.306999932521813,,0.12926649225736567,0.17981858252921654,,0.45350993370091053,0.44054748266848165,0.46124585311736366,0.07803107048164956,0.4547176456917814,0.3650906064696471,0.42577454200743486,0.4042346196693705,0.4613512822861515,0.25869262016579997,0.22462122233824652,0.10628074348741536,0.07161505713898846,,0.3038332113611275,0.28083751400450085,0.3076681011734166,0.06036386979717337,0.2870498848376748,0.3958589126288003,0.426353118930254,0.4213728467258473,0.3301651576815038,0.26810509635347135,0.15157207673771905,,0.10628074348741078,,0.3459271477492814,0.33320438108781997,0.34612983352563714,0.04972454412742244,0.3455057311420561,0.3232699778100803,0.37476682998555394,0.3562108069948317,0.33817598251043335,0.27449472616391285,,,0.18723060456259755,0.1458754348454139,0.3544368992832063,0.31348437389838935,0.3412835987713248,0.014573090345112625,0.34925194353654004,0.34948653376427485,0.3863038720517673,0.37239224373194296,0.36494173200147867,0.26262460602530885,,,0.10628074348741078,0.10628074348741524,0.19060429856504166,0.1654540556531174,0.1849359826893828,0.22201942814919837,0.18877584180844023,0.27151843103356293,0.2857993855082894,0.27919231283200674,0.21041088748424794,0.1506138934797753,,,,,0.17346541267648138,0.13970977516833663,0.16710270231058372,0.2678341309514598,0.16900809315533452,0.2714401352111074,0.2783054848502539,0.27524745087821967,0.20105466290039767,0.10628074348741078,,,0.10628074348741078,,0.13018337296899193,0.1257044767129552,0.12852715687059385,0.13673364248222955,0.1304711295580229,0.13117659108377377,0.14127115972987148,0.13639696180461977,0.13109434486796281,0.12939275418785826,,,0.151572076737715,
1,0.908879383959485,1.0,0.9874214602327557,0.37665510723125034,0.7969855867281388,0.012468824904745593,0.12276629033149028,0.06301227857366447,0.1962852088040018,0.8626387289961565,0.07537615179427497,,,,0.5241331259094003,0.5114084601829669,0.6005170148232721,0.15514034730182663,0.4609896546238363,0.5080731807537846,0.6059870107414548,0.576346063652311,0.6302650868894044,0.43465990600535076,0.10787302942766609,,0.11908810297290422,,0.1350133813538189,0.292980584623167,0.18746112271540052,0.32318828950420764,0.16144643437981537,0.2683988158126913,0.2582852369074257,0.2655045805332374,0.0486567512962287,0.36266233126038433,,0.16124745020561465,0.22697726314221295,,0.31520376093816516,0.275004764385088,0.2971024548388723,0.01283158677899019,0.32994706013969777,0.2524852951867395,0.3435040898078342,0.30267146971974485,0.3320052355171826,0.11420239882913799,0.13677409143172262,0.0949873204382157,0.12421557121801323,,0.33203089231710914,0.3071584107905642,0.3264812395687678,0.028002169885722402,0.3282945127211467,0.29569988056915364,0.35080187436613786,0.33097807240485555,0.3343696017031841,0.2817888881130897,0.18149439461637118,,0.13331035754858772,,0.32813231857537384,0.3016789554395542,0.32245756970538336,0.1239808116392758,0.34097929055606696,0.2589407479226241,0.31342068594157946,0.2921631130562144,0.3229647542830918,0.22979646023837969,,,0.13820305021847026,0.25635092949307114,0.3549794986353126,0.31493474415958006,0.34107769967884777,0.04247790275152077,0.3470265569775106,0.3537616599372522,0.36405748374464086,0.36369541398298705,0.36410878111581646,0.2638927446529818,,,0.13331035754858772,0.12240701568984026,0.23241282222294077,0.2079131059176208,0.2267450753105216,0.2253335345758522,0.23086839691290656,0.30520925053823417,0.3172526903209343,0.31206567499099397,0.25107388845877565,0.19207229973048384,,,,,0.19478128409712758,0.16885038473006259,0.18998513996506147,0.21036953472049127,0.19122421679633766,0.25082765280562075,0.25077645812779725,0.2511538819861869,0.2144119369475082,0.13331035754858772,,,0.13331035754858772,,0.16456023382314242,0.1586731569932459,0.1623809469406945,0.17321388617621294,0.16493917975815617,0.16586861025789812,0.17925516886895257,0.1727674485994065,0.165760222021162,0.16351954980499592,,,0.19369097605622615,
2,0.885736150988837,0.9874214602327557,1.0,0.245470551326385,0.7419278475686492,0.03119417219242756,0.08183628380724065,0.014661463031092009,0.31099940340134885,0.8323609391481462,0.06634870824483037,,,,0.45784303496883766,0.500628915480034,0.5502185390099009,0.052560954790183724,0.38602519734660595,0.5504297867993623,0.6238954494022924,0.606276384151272,0.5641367662013327,0.37046918371703974,0.05833392292208379,,0.047760996818323624,,0.21455881043330208,0.32700556432477196,0.26302545504485725,0.3422563345893105,0.2367991849230237,0.22040792225140748,0.2178841309807652,0.22077483614132282,0.027847531468133273,0.39536884784455695,,0.15801045214735893,0.25789023015142404,,0.3125782607688392,0.2556570714771625,0.28717034975478106,0.02806376325447704,0.33015664399215977,0.2254764724082797,0.31061089961228355,0.2723561645418604,0.33412673055147507,0.1123621007062923,0.10721396938812938,0.08032356199707644,0.13813504615046282,,0.37858199083586874,0.362722014093989,0.37564907538593806,0.08879135824212303,0.3758426466368669,0.26656955730128074,0.3130760194766352,0.29664295282155323,0.3699960757281989,0.32611827326773796,0.20111301183913158,,0.15220644711352774,,0.38606581213589586,0.3617877314900009,0.38337092878155615,0.1288698935169038,0.3997272814293688,0.29938449218801994,0.3366033468457417,0.32444021210884727,0.380828281620349,0.2847962626940684,,,0.11733611023823302,0.28123097454543533,0.38210621448518345,0.3390781253932229,0.3696516711596064,0.02428908165833969,0.37592011960638394,0.3954519699883659,0.3925383346611059,0.39917976939590816,0.39663214136928704,0.2866579750907201,,,0.15220644711352774,0.1052656773904392,0.2587314077296753,0.2328744602743331,0.25280904296859535,0.22736664508610707,0.25714169812822346,0.3338116687939679,0.3450297940962073,0.34038584022014967,0.2782327013550336,0.2161894645575987,,,,,0.2169414081558339,0.19055794935795792,0.2121665571138467,0.2140601377107787,0.2133041241338866,0.2702371523015253,0.26803250411997775,0.26957677271215247,0.23650884931003954,0.15220644711352774,,,0.15220644711352774,,0.1866359620340916,0.1801796151870473,0.18424815263750208,0.19608506935891204,0.18705087643723345,0.18806814099810265,0.2026379733084106,0.1955991329552866,0.1879495384510883,0.18549604879914838,,,0.21762681734408781,
3,0.35823096300775825,0.37665510723125034,0.245470551326385,1.0,0.5131588982126182,0.2986377654643604,0.11403036836554017,0.2539042317069952,0.6209571662814598,0.3348836843062564,0.14719844065128485,,,,0.4686146855185752,0.16302139510461966,0.4188856875793869,0.8032074206764377,0.5151041018103314,0.12964324800765367,0.003898528378153484,0.05926133861801664,0.5033213386080154,0.5103789223566666,0.3306212041953425,,0.6798342757466059,,0.29303880254785764,0.0155584659386986,0.22766356044336966,0.07036564396239345,0.28436676282193846,0.2546929815859955,0.18469434552488936,0.22323279282797898,0.335836514672324,0.03670842491494765,,0.12025239783633446,0.11309587829762494,,0.010315594040351051,0.07571638516243843,0.03440176649309174,0.021262929663234183,0.00392777342574728,0.05860505555450677,0.19589305230053475,0.12429213748225396,0.005774318515074341,0.04904397527106953,0.10415036660146813,0.0971017328681819,0.010271827972462363,,0.1224102672388365,0.14555983592541977,0.1268685073503992,0.24881105849133608,0.13379330503783193,0.14267065291299785,0.2766042197808537,0.21315930801996547,0.07931221647271659,0.06779895557377467,0.14811454646802866,,0.06877535693244752,,0.19126166202636916,0.21068061638804428,0.2055863330116031,0.140952686304742,0.19426375380861463,0.15585878085763816,0.06934732764479352,0.11400920981977694,0.18866230159458203,0.15844971960428242,,,0.10043632411990662,0.005618959083026475,0.08853108385012305,0.09185318824418719,0.10429942253127153,0.18420373782630267,0.12011002898851837,0.1044416168935007,0.04416896377675419,0.07506729774246637,0.10836898974089569,0.11404644099373835,,,0.06877535693244752,0.21539842310760704,0.10712740223656059,0.09897550544564047,0.10586681470481321,0.01509136486352465,0.10704454606570295,0.12849224568312398,0.13006511328992135,0.12967043992470828,0.11275474025478026,0.09189966396867993,,,,,0.09467838025242911,0.0841463672675672,0.09304752962745354,0.07610670502646273,0.09323501701736167,0.11986498745821413,0.11580851701434015,0.11824040499517763,0.1024822895017103,0.06877535693244752,,,0.06877535693244752,,0.08200548853412189,0.07958189391889983,0.08111343352025774,0.08547238562739702,0.08215993158931946,0.08253783953875772,0.08779158334734655,0.08529708925830572,0.08249383514016242,0.08158030556117776,,,0.09178437522342672,
4,0.9589706932026044,0.7969855867281388,0.7419278475686492,0.5131588982126182,1.0,0.12891541674091062,0.3900443424460297,0.26466779559516057,0.33435033596122804,0.9317623058084153,0.1338876765910057,,,,0.7760676235413525,0.5416810138206338,0.7529167300334474,0.20556159463467027,0.7447686971703975,0.40316968723692187,0.5896071726077322,0.51726677620724,0.859409183834317,0.5724375003417529,0.18243995379355352,,0.0921446504582845,,0.22087391508868648,0.11867286250428737,0.1483120095344859,0.3201072620636571,0.1789024500326524,0.5030696856323569,0.48932090166404485,0.4997119407006982,0.39967694644488905,0.22318472098046963,,0.10653837795368787,0.09154364205696851,,0.4746108153053342,0.4842669488435087,0.49837430481704875,0.12062626059644721,0.465209962049105,0.39543715363158594,0.45817695109997025,0.43622148521172843,0.4767447379917592,0.3029772965745946,0.26504105721114335,0.10231872153435577,0.024699371445167397,,0.2180448725393594,0.19226145204701053,0.22477856741133448,0.14563371149448498,0.19480411066954856,0.42750908319261605,0.46940510810470176,0.45948322191757884,0.2642551256518544,0.20282915035636437,0.08341553375792064,,0.05436707268128438,,0.25828333619716365,0.24728932783576268,0.25805180514777093,0.02477772192186446,0.25025953142122703,0.28785815771269174,0.34940187386973504,0.32533225449669245,0.25458229966434115,0.21128851293228704,,,0.21156840002218444,0.0710000976464322,0.27343195471684295,0.23521982912830816,0.2590489697092124,0.020877169764735307,0.2656976656346525,0.2698752185978907,0.3324363705990647,0.3046787091042163,0.2808207260503155,0.19043470214332978,,,0.05436707268128438,0.11506275235647256,0.10588367462769889,0.08613683796452891,0.10138568239739035,0.18520540727412188,0.1042267233629075,0.17425625184234078,0.18815241561156734,0.18135012284318794,0.12198717963862883,0.07582012095448454,,,,,0.10771328808867252,0.0769740869116797,0.10173630971089302,0.24515469001632872,0.10376136604407617,0.21006477725279685,0.2218543940005346,0.21615715427930554,0.1340443993709972,0.05436707268128438,,,0.05436707268128438,,0.0661015739809768,0.06391496913311218,0.06529391963547614,0.06928235090090426,0.06624177843814202,0.06658534318531743,0.07146760147152358,0.06911949919195819,0.06654530058599122,0.06571617212772471,,,0.07614835004467023,
5,0.0668099157796477,0.012468824904745593,0.03119417219242756,0.2986377654643604,0.12891541674091062,1.0,0.5404497318135432,0.9226347028500532,0.3771096504554106,0.11581329329418012,0.237812175455299,,,,0.03073059484069617,0.04057100120867042,0.04768211593706786,0.5227965102317785,0.014612122057659988,0.17204161932510842,0.22657565466336413,0.20672454475051982,0.08607408514442373,0.060463431868645036,0.007462988685931628,,0.2914041270477313,,0.04571201450737967,0.2807007983564755,0.15288943424777574,0.42138978208070005,0.0017928329943622875,0.06520161267996527,0.14146604200942225,0.1016640285773526,0.054041742967496656,0.08998299312458706,,0.22663819387813766,0.3289751142253214,,0.4741060125701932,0.4962074406748458,0.5033277295539043,0.30061410287301543,0.44388882887787,0.40949799301189294,0.18202262377428327,0.31375159094866406,0.44870480704470495,0.554925601722714,0.0482145577633014,0.041154193056314785,0.25520690279515773,,0.4475760657723397,0.45383059481516724,0.46738817950572387,0.0739138295406944,0.418768971314988,0.429924264359496,0.22202493091454714,0.3405060904981954,0.46005543037373486,0.37525546097397433,0.014290740199482285,,0.23291475143772808,,0.47094518929106177,0.46676913266394937,0.475514894456006,0.04108395306747539,0.45596231947809723,0.4446860840461415,0.3337430474217293,0.3955195348454213,0.459151707732671,0.4004319944451788,,,0.09934255241557013,0.0477631123233885,0.38231560737478254,0.33707578244721276,0.3779413021796631,0.1027533637079661,0.38409157681617817,0.42147991962849796,0.3589853702204227,0.39647985756713405,0.414888778261879,0.2907090335958014,,,0.23291475143772808,0.0029052687241764297,0.3221465129701354,0.3213844333984766,0.32219796701481185,0.014638447511288151,0.32202238927694954,0.2904367585677034,0.258469578011023,0.27640907426500977,0.3200367712719387,0.31985939431107674,,,,,0.30680867256604755,0.2813103889776776,0.3019147135141743,0.2508423940142101,0.3032434076959643,0.3196299747446879,0.31572103052718936,0.3179719791239444,0.32311818702188777,0.23291475143772808,,,0.23291475143772808,,0.281191056883012,0.27224681875222867,0.2778912479452811,0.2941294532495813,0.28176337552880404,0.2831651394660817,0.3029409438130309,0.29346974907071455,0.2830018139375745,0.2796170425982545,,,0.3206097136168074,
6,0.33709713397006486,0.12276629033149028,0.08183628380724065,0.11403036836554017,0.3900443424460297,0.5404497318135432,1.0,0.823101624949715,0.3284285876984863,0.3996141336958959,0.3375256783434002,,,,0.24649618872394088,0.0014605800542950602,0.17669589333967675,0.23012380408996638,0.20701670790263413,0.12169904027231337,0.17506282585983873,0.15500134045599057,0.33978621714618906,0.06942843708375734,0.16733997473688894,,0.16082772694740216,,0.29077811047607643,0.2855854812376371,0.32215605013362003,0.3169732733862536,0.2704768671223367,0.012949851573663709,0.019574970956528003,0.016569655772762537,0.19518431923120522,0.09044963193006232,,0.16357227799150784,0.2977280244849274,,0.23220582146322846,0.07301784700913462,0.15516919261449047,0.06769048518395245,0.24831971727880114,0.1796133015279018,0.11426492614364941,0.15421008942050154,0.23697268105190364,0.2544564653833916,0.34055760867598356,0.1590731379250976,0.22481330960986848,,0.46163854219761497,0.4486189132713273,0.4613415186047762,0.19670516990640902,0.4569257485622886,0.021813893461742312,0.12762215493373877,0.0744499143219334,0.453152986599355,0.3494356047685164,0.1350081337504639,,0.274664324295083,,0.4252156626097146,0.3987326947384095,0.42176276040448535,0.028468984630620774,0.42305484349996575,0.25357064048101297,0.22645057226787915,0.24417259932064256,0.42035216249153534,0.30504220205787524,,,0.06616703824511126,0.07371579837000566,0.3284994099246368,0.313325812183154,0.331523919855397,0.030453148788699543,0.32944479714536434,0.29470627628271795,0.21818948621197565,0.2606249891572573,0.34380587680859476,0.2991081541933659,,,0.274664324295083,0.0054971035637448075,0.379964302756233,0.3708522242420341,0.3778717131457052,0.05899576510915236,0.3797435183864636,0.3686551863523992,0.3510538305689577,0.3618334561618209,0.38348373342283065,0.3647784804651283,,,,,0.32236058174978416,0.31763064954141373,0.32208207950533574,0.08244173895089305,0.32139036274387195,0.2506401361403414,0.22807840313911215,0.23994716639552932,0.31904462042705944,0.274664324295083,,,0.274664324295083,,0.3266015607176716,0.317113375399621,0.32311122750107907,0.3401369252836137,0.32720558481752976,0.32868322576560666,0.34915098665622063,0.33945396314954235,0.3285111923483622,0.32493826728910324,,,0.3640225411051358,
7,0.19812478299389016,0.06301227857366447,0.014661463031092009,0.2539042317069952,0.26466779559516057,0.9226347028500532,0.823101624949715,1.0,0.40571963838086517,0.25961472479509445,0.31384002942749817,,,,0.1331272669901553,0.029058932815041513,0.11230131879954384,0.45853591740032723,0.1043031628979396,0.062330667142258,0.07450365124295653,0.07043356187067921,0.2132128115355203,0.07200269992336866,0.08164513713581653,,0.1231075545005046,,0.16445085311786556,0.3212133179177199,0.2514531600970649,0.4296745861847188,0.12540960589406375,0.037967182009917735,0.0866900723005895,0.06105417153430854,0.05310428840300867,0.018765462437590606,,0.2286014152619371,0.35874132169305295,,0.42690605224828937,0.36898260975840136,0.41131446287447715,0.17283456004269857,0.41393568890935784,0.19463692241206493,0.07141617699021778,0.1418412130241805,0.4119989251834186,0.49107316996555,0.12229890377593515,0.04442719432802157,0.2756261346382426,,0.5150251258892963,0.5131405011413719,0.5281828173977079,0.1405005670561703,0.49348179852713875,0.3003904840118298,0.20892777263027154,0.2643469139157231,0.5195020887816264,0.41470094238697836,0.052903540328691295,,0.28344193510801663,,0.513923385959083,0.4988439534857978,0.5153888737498005,0.014136512274111848,0.5028915308987311,0.4168381711793702,0.32976800312515187,0.379481151964815,0.5037269774053723,0.4108374932597631,,,0.03642672607116741,0.06548338060678577,0.40959513397322656,0.37206846833912505,0.40804854637833293,0.0832360259304368,0.4111961785816995,0.4206244922057425,0.3434021847855016,0.38815603535466925,0.4386651665704497,0.33410781661887456,,,0.28344193510801663,0.004324687257213416,0.3922052109188093,0.38739877838765263,0.39125567000817213,0.037790459229920643,0.3920112744956481,0.36598948254954605,0.336440111654588,0.35344214299517096,0.39248758954358437,0.38352589973643064,,,,,0.35530086940479133,0.33587375527713487,0.35186564482806654,0.20729047863689562,0.352442921355751,0.3312798914617419,0.31824399531065006,0.3252346064020431,0.3648266913978523,0.28344193510801663,,,0.28344193510801663,,0.339890055266207,0.329493716238384,0.33605920113060156,0.35484149082779565,0.34055386120332676,0.34217888281284714,0.3649299166047518,0.35408245490657986,0.341989605811736,0.33806346953974437,,,0.3836827930394618,
8,0.07438824698534126,0.1962852088040018,0.31099940340134885,0.6209571662814598,0.33435033596122804,0.3771096504554106,0.3284285876984863,0.40571963838086517,1.0,0.12356572045038718,0.28601369619622685,,,,0.45347631931197435,0.09244465856663976,0.333290825548305,0.4738835495424393,0.5154225330175931,0.2543395610569048,0.1491141354940654,0.20330225955554798,0.4296598493001857,0.3774768793116785,0.203765896684657,,0.37322609522006756,,0.5151664450955086,0.19042019587041822,0.46156685456366486,0.09601317011904192,0.5056017329733392,0.2952962087078789,0.2491681028815113,0.27501849671635203,0.5060837620125868,0.2079164159107008,,0.00841795085246096,0.22432424720655908,,0.01899334489219907,0.10928712189581612,0.0672870247025758,0.06555902322165344,0.009020129913622173,0.008330935185952964,0.05981195489988524,0.03235859551351527,5.659365860764747e-05,0.05209563649129533,0.08984648496574284,0.05774920991819911,0.096625757727446,,0.19131582489480004,0.18456468260605718,0.17781807615511314,0.22859175627498,0.21277463234205685,0.05504837045722571,0.13217044118014545,0.09456712667312386,0.14409780667148764,0.08525172520238106,0.18288313927749542,,0.13113354247170506,,0.2034124914740736,0.1834605927071089,0.20234288720138946,0.026741544748076485,0.22379177095708577,0.14373881043729742,0.1001236304569314,0.12373380906032504,0.20888635546711404,0.11206880839215821,,,0.05914430259611584,0.21731193572276064,0.1503263929516557,0.13897976794482944,0.15272267147882077,0.07648167345215301,0.16721635746149893,0.133919559689135,0.06850874955805704,0.10313618911214555,0.16086393030502805,0.1456597911657971,,,0.13113354247170506,0.08547121884586029,0.20403362599928995,0.19884496521398903,0.2029783435610671,0.004299906202471836,0.2045955973030545,0.2035537105318241,0.19763804140521626,0.20174074703241868,0.20588914587231893,0.19046512051105838,,,,,0.16130357830124012,0.15688744023393514,0.16045007363666827,0.06024162468156416,0.1604592149886581,0.12532748481680384,0.11732331267318055,0.12138480589204613,0.16129046437399044,0.13113354247170506,,,0.13113354247170506,,0.16248806151194906,0.15656664306375695,0.16029497436464218,0.17121253164865463,0.1628695500461026,0.16380540604191268,0.17732475394037459,0.17076168380159426,0.16369625435055818,0.16144061647273464,,,0.19225945429538793,
9,0.9675415080494136,0.8626387289961565,0.8323609391481462,0.3348836843062564,0.9317623058084153,0.11581329329418012,0.3996141336958959,0.25961472479509445,0.12356572045038718,1.0,0.3196366182821633,,,,0.70421835221697,0.5720552286379682,0.7268443998482106,0.07334517044115633,0.642249101070982,0.5393006560131972,0.6774617229424691,0.6307223248328804,0.8086734796221965,0.4967788487656094,0.12271030475650901,,0.015640281177246425,,0.06643495728667663,0.18854819535840775,0.0026144414974052423,0.3489154434382736,0.03139021027084066,0.39758499860412444,0.3928823636770214,0.39790146561870293,0.24946110961902448,0.2891222631813928,,0.11963975373490604,0.17081221389849274,,0.4242363695026862,0.4167324333955985,0.43311545480055375,0.06581616651263877,0.4255938966786123,0.3311160187343629,0.38552213642631217,0.3662857829671462,0.4271084802965701,0.23463970460756856,0.2111992610425932,0.10095758088246086,0.06520863915212986,,0.28330444589314274,0.2593533967030684,0.28728201577899753,0.06472855700709933,0.26615721727770586,0.37155432091649687,0.39406379322332363,0.39281975714724215,0.31233598039894367,0.2563040385189686,0.14398045868565923,,0.1009575808824608,,0.310040408422507,0.3135732653218319,0.3133520848489764,0.03054498062331814,0.31188205171019756,0.2554429829384804,0.3097890447683,0.288558796061038,0.2915188363847115,0.2672833379320447,,,0.17785299842241634,0.14537891647074358,0.3815993684455411,0.3549850111514618,0.3741547803501558,0.026899283895751178,0.37715106474852383,0.3602534055957701,0.39312633418806975,0.3811367526477474,0.38632202425605355,0.295707215284749,,,0.1009575808824608,0.10095758088246091,0.19055294916046536,0.16015304415381335,0.18395750701286437,0.25591134292621287,0.1880854101526653,0.2933312708400653,0.3112505217552625,0.3026464387448623,0.2152217750639162,0.14307026686172716,,,,,0.17846560836738384,0.13723608554172537,0.171023174907313,0.3018356819138067,0.17304841549490374,0.3172819209002435,0.32364805247745204,0.3211725683312378,0.21320264593820504,0.1009575808824608,,,0.1009575808824608,,0.12366302657287433,0.11940845969466528,0.1220897634846963,0.12988522019408208,0.1239363706252237,0.12460649850265891,0.13419547198102616,0.12956540245828146,0.12452837165942704,0.12291200661456028,,,0.14398045868565912,
10,0.10602780388340595,0.07537615179427497,0.06634870824483037,0.14719844065128485,0.1338876765910057,0.237812175455299,0.3375256783434002,0.31384002942749817,0.28601369619622685,0.3196366182821633,1.0,,,,0.17334640617476146,0.13901795976511905,0.17321639754257204,0.10490533871503603,0.15332731685184256,0.17446099801912393,0.14390574125322755,0.1627872519939764,0.19373562121896262,0.05826322925588715,0.08635755391767427,,0.08055027906610349,,0.027721736362775515,0.015237189191937816,0.014621599869941037,0.011336090477959648,0.0337487801296404,0.03901697098882529,0.03582229171422365,0.03739171830152302,0.03652760536202322,0.04247298279794951,,0.0550148560169577,0.040215488905847856,,0.026098568918790803,0.028413568725319985,0.035830155600361464,0.05763989190419752,0.01658406912270779,0.1160393386742341,0.11646134067811817,0.1188134983570205,0.02297628412553177,0.018013966959527433,0.06821902304236603,0.023769134427076292,0.03936542650441016,,0.07135357493214545,0.10614287405179348,0.09486315568531929,0.07109557338959326,0.054747554066948756,0.05655572444212273,0.06279327823557543,0.060853671251765655,0.07599908164621717,0.1650961891517564,0.033898305084745624,,0.023769134427076635,,0.06952873006152396,0.14843023208628295,0.09698345565159813,0.05676121788346125,0.06696727539265594,0.06568242651402152,0.09076503058763796,0.07991362195823463,0.029844864854992846,0.20883300691098314,,,0.041873149007826814,0.02376913442707666,0.1851638871787169,0.21868635800816266,0.20741038090970526,0.003724887391191317,0.18427512525011674,0.21395818829073684,0.20234832566455493,0.20946168441197796,0.18734554105663967,0.16109342099909063,,,0.023769134427076635,0.02376913442707635,0.0022236131695227133,0.02288643136904932,0.0022111418381806913,0.16154850388918685,0.0008184916183790759,0.10696359531457117,0.12425049111622395,0.11477188705849378,0.02544103074698779,0.033684012392425605,,,,,0.02628582528138484,0.009737261000772634,0.02106018275112052,0.16553793409087533,0.02165760115191266,0.22188383046345148,0.2196097760232596,0.2223351764164086,0.06066917678183755,0.023769134427076635,,,0.023769134427076635,,0.029114832948423493,0.028113151141339818,0.028744428848947314,0.030579766590068225,0.02917918820999318,0.029336961003901874,0.031594558676436645,0.030504469711042773,0.02931856706634009,0.028938015178122844,,,0.033898305084746075,
11,,,,,,,,,,,,,,,,,,,,,,,,,,,,,,,,,,,,,,,,,,,,,,,,,,,,,,,,,,,,,,,,,,,,,,,,,,,,,,,,,,,,,,,,,,,,,,,,,,,,,,,,,,,,,,,,,,,,,,,,,,,,,,,,,,,,,,,,,,,,
12,,,,,,,,,,,,,,,,,,,,,,,,,,,,,,,,,,,,,,,,,,,,,,,,,,,,,,,,,,,,,,,,,,,,,,,,,,,,,,,,,,,,,,,,,,,,,,,,,,,,,,,,,,,,,,,,,,,,,,,,,,,,,,,,,,,,,,,,,,,,
13,,,,,,,,,,,,,,,,,,,,,,,,,,,,,,,,,,,,,,,,,,,,,,,,,,,,,,,,,,,,,,,,,,,,,,,,,,,,,,,,,,,,,,,,,,,,,,,,,,,,,,,,,,,,,,,,,,,,,,,,,,,,,,,,,,,,,,,,,,,,
14,0.6907394603707943,0.5241331259094003,0.45784303496883766,0.4686146855185752,0.7760676235413525,0.03073059484069617,0.24649618872394088,0.1331272669901553,0.45347631931197435,0.70421835221697,0.17334640617476146,,,,1.0,0.8600989981577233,0.9767417210981345,0.09985003383106104,0.9878749088681897,0.14032502734579144,0.28971571054275713,0.22634483111978349,0.9520186298436819,0.8949851346519363,0.3460994356870948,,0.10767105954424602,,0.39002509601229857,0.2209441733045186,0.24405801849588787,0.44332455579497854,0.3411107643005406,0.5089216658806112,0.5086949425625631,0.5119227265225059,0.633281025532134,0.14943180659841773,,0.2605323961847951,0.008526484413026942,,0.3426362831812949,0.38067311273968923,0.37197795104009534,0.05985162142200562,0.3400483521914927,0.2920359921047062,0.29688519657071877,0.30246584321659814,0.33753261160203807,0.25715551673729925,0.2569540668680345,0.11370440481739226,0.06618757288138649,,0.16241359060765762,0.13735053952333937,0.1673732784079868,0.16884685390072493,0.14434293242866325,0.42928998004980806,0.43633766617035985,0.444977230422791,0.20583424553044785,0.10733016355440311,0.1259159303213793,,0.0013648367936165732,,0.19479438184157424,0.18199884108200776,0.1927209979579071,0.07507575502082732,0.18900019790596867,0.2607816471982996,0.30495334778813243,0.2886327603705134,0.18711632740784487,0.14284910876573173,,,0.18978842486005787,0.038564842215919104,0.195586791559852,0.1727607033860144,0.18095709294159032,0.1505771095862173,0.17204165928595047,0.21712624987926732,0.23720112015011174,0.2298830492733123,0.18815934658684547,0.13622757639564378,,,0.0013648367936165732,0.20924551184629156,0.05522985530514931,0.029858218564098073,0.0491995827158317,0.2618872691106979,0.05327503734560226,0.15381562789879474,0.18372085496740648,0.16843434798870718,0.07662390825123326,0.015056456753437456,,,,,0.036047050456924024,0.01493604705199296,0.0321393697032126,0.13809607100758584,0.03326810254307555,0.12117357936704287,0.12752728364568194,0.12473574925416588,0.055117202376606514,0.0013648367936165732,,,0.0013648367936165732,,0.006948665282248923,0.005771521294693859,0.006503597908020596,0.008853093022079844,0.007027279526516445,0.007221715301490161,0.010366660050385723,0.00874836598424164,0.0071989196800135635,0.006734667242467493,,,0.016802966742007173,
15,0.5565348183973631,0.5114084601829669,0.500628915480034,0.16302139510461966,0.5416810138206338,0.04057100120867042,0.0014605800542950602,0.029058932815041513,0.09244465856663976,0.5720552286379682,0.13901795976511905,,,,0.8600989981577233,1.0,0.9270244041582318,0.17880826382549758,0.8284442775833859,0.11090866756988284,0.16066386177343356,0.1409452431512864,0.7573372514831088,0.8579574702817164,0.1668069784573134,,0.029174816898875192,,0.1823273791110287,0.35406613934018183,0.0426962562734015,0.5713975896766267,0.13379186505628743,0.3785388213188437,0.3902097160238812,0.3863793350512901,0.46723272366580637,0.26111145559187887,,0.29869266491808893,0.14755333108815102,,0.22867481598642553,0.17709029957955957,0.20499142658902209,0.023637730647312907,0.2559937330857131,0.057191928668001185,0.08119305226362934,0.07035695860538696,0.22635898550986672,0.14246743405573112,0.10551937070449326,0.01617154677581153,0.013177836506947777,,0.2790152406187995,0.2577755646646768,0.27606385445287906,0.04676335190926018,0.2766892166906559,0.290887807306604,0.30750057999228825,0.3073498489730015,0.2837818182128506,0.16911827168349522,0.25860946790899675,,0.10080392977032349,,0.30728920172980984,0.28651513071017837,0.3037664378759712,0.12658260294346282,0.31925261829783347,0.28190380073782695,0.3013361352224705,0.29745774881035064,0.2937719171552631,0.20410151457535688,,,0.10443666275801958,0.16653512386498323,0.28632072415936477,0.2623338772420939,0.2746235501603357,0.14656928636228964,0.2663274130143568,0.3140207771120166,0.2845937810638952,0.30302417168169005,0.282863999475824,0.23942807799646482,,,0.10080392977032349,0.18777292717737823,0.16388853946344628,0.1258254131526321,0.15471356532814273,0.3261341440801093,0.16111808180696613,0.2909897870880672,0.3263196605588099,0.308775050342489,0.19387714952249277,0.10936225374078638,,,,,0.129179984957011,0.11548737766749415,0.12724622059919768,0.11082930600004885,0.1274836682071581,0.1668284158726654,0.16207955611002614,0.16511419145477124,0.13948540347488728,0.10080392977032349,,,0.10080392977032349,,0.11000736667738126,0.10861674652340327,0.10951810150233762,0.11157435947077517,0.11008908931133479,0.11028508636116556,0.1121638942313903,0.11151127456117335,0.11026256101949017,0.10977773579222667,,,0.10584508402507405,
16,0.7115276661420883,0.6005170148232721,0.5502185390099009,0.4188856875793869,0.7529167300334474,0.04768211593706786,0.17669589333967675,0.11230131879954384,0.333290825548305,0.7268443998482106,0.17321639754257204,,,,0.9767417210981345,0.9270244041582318,1.0,0.05025891040873739,0.9458741865259453,0.20184525895773547,0.3154226770528037,0.26980240180016946,0.9410942620023155,0.8897379390354924,0.28433511717726356,,0.1243230607047767,,0.26311589710862987,0.3128027747240862,0.11623053844210593,0.49291346626087246,0.21826707044774318,0.4286022762010066,0.4251080675144113,0.4296478409488486,0.5276446124414118,0.21355515416974263,,0.2995599645792508,0.0883051874405914,,0.29488811929623976,0.2935850351761473,0.29948649491718643,0.014382593421470222,0.30578031691047,0.19767365574791912,0.2341807901537866,0.22048963706824115,0.29554887315023837,0.17775111922383702,0.20943987203557768,0.08421602389993053,0.0038437032565513105,,0.21718726903720906,0.19159790134386265,0.21650746856529546,0.08400748700686946,0.20684261834470502,0.35434094382795805,0.3842665550570582,0.37919056743450924,0.2420189704732242,0.15655972118078873,0.18044487555277572,,0.05547685215961263,,0.2423802224916008,0.22395471387019153,0.23738453338424884,0.11478328729732931,0.24499304179202727,0.24634582697762447,0.295425706363466,0.27652012733982045,0.23031425359771043,0.1630864427559171,,,0.1651534720303377,0.0980756172928149,0.2560315827444632,0.2347022598922595,0.24195090897997154,0.16627145876312566,0.232405182700897,0.2592163562019369,0.26140254440903743,0.26348804077887106,0.246367305614398,0.20006809685568622,,,0.05547685215961263,0.21834551300381994,0.11599165552261081,0.0830768946115324,0.10808560851217981,0.31269671765268814,0.11342903476801469,0.23243218971132984,0.2649127024758415,0.2485882319339657,0.1427330676563175,0.06734755562230779,,,,,0.09010846851164986,0.07089121410782387,0.08686661814474668,0.13813181901188948,0.08764089719122764,0.15764231791320873,0.15872519605630156,0.15878245877394329,0.106346524311096,0.05547685215961263,,,0.05547685215961263,,0.06342143625558856,0.06204514989794854,0.06292091033237389,0.06527714273004824,0.06350729417308969,0.06371631762395814,0.06639572758486596,0.06518763538378411,0.0636920579919728,0.06318382448102315,,,0.06635823645902159,
17,0.08546478594001214,0.15514034730182663,0.052560954790183724,0.8032074206764377,0.20556159463467027,0.5227965102317785,0.23012380408996638,0.45853591740032723,0.4738835495424393,0.07334517044115633,0.10490533871503603,,,,0.09985003383106104,0.17880826382549758,0.05025891040873739,1.0,0.1416710075461264,0.20856752024811362,0.17978800823547345,0.1984347083975653,0.15198441222658518,0.19522803445599093,0.2794465459857829,,0.6228158168454158,,0.12238217294574281,0.16546491421715193,0.15032108244898246,0.561320797785142,0.11129475861691705,0.0015185075164401293,0.060145000344685264,0.02898731753666855,0.02429207709017223,0.014396879537945594,,0.0907411893793477,0.4840106577126067,,0.3419718743920565,0.2520059792555242,0.3101033827273134,0.32247727140124266,0.35128946717561726,0.10802560739734457,0.016772886004379026,0.05257491735892946,0.3151249752141572,0.35426746908155843,0.012743825663272219,0.12044887090874393,0.3217491880175074,,0.34271261480757215,0.32898567461932776,0.34144101958902634,0.176602856495438,0.3365162682757884,0.11430081588405268,0.03519965116300531,0.043497172007459145,0.32807204350508934,0.18508088790832888,0.1327384192053911,,0.32038493785632033,,0.46072561442694193,0.46899213793250166,0.46489542494086705,0.07318736926080772,0.46353332005267184,0.2836671571766011,0.201796376392741,0.24688000507418753,0.4300136577210879,0.40327914345946797,,,0.016795309274230508,0.02674859597354649,0.4049903621883177,0.3930557508756842,0.4114956920554411,0.10832685353690544,0.42321400003434406,0.2996841302076318,0.22840728280737205,0.2676524165479778,0.4169553801010136,0.3869519076086363,,,0.32038493785632033,0.0843544728992934,0.3829316601794578,0.36625462428515243,0.3791930066408894,0.05899635108002154,0.38153834284739496,0.3930950953979065,0.36926570988072865,0.3833250931845043,0.3921344548973231,0.36628206001593194,,,,,0.3777912815371701,0.35937763831825215,0.3749654667062355,0.23755362930178145,0.37553291748270046,0.35920602715184674,0.347548698366247,0.3540582704754713,0.3865604540155166,0.32038493785632033,,,0.32038493785632033,,0.3571545196490903,0.35113950734325283,0.35499567504886975,0.36472840730920125,0.3575210005267021,0.3584080556359738,0.36867558317180216,0.3643848531836183,0.358305489770458,0.3561342526106377,,,0.3575742837700266,
18,0.631831855818852,0.4609896546238363,0.38602519734660595,0.5151041018103314,0.7447686971703975,0.014612122057659988,0.20701670790263413,0.1043031628979396,0.5154225330175931,0.642249101070982,0.15332731685184256,,,,0.9878749088681897,0.8284442775833859,0.9458741865259453,0.1416710075461264,1.0,0.025920666212827886,0.19085743062409302,0.11737667305015827,0.9094583747838649,0.9151148084856936,0.334021366680011,,0.18353753156117442,,0.46368076375583517,0.1551870222366939,0.3244281394818598,0.42127817774819143,0.4108646736116441,0.5723560207633508,0.5682954627020694,0.5738407361159013,0.6971667218879422,0.12246424500112917,,0.21846328420677283,0.02600827853064796,,0.34473045768931465,0.39154555336092384,0.3792097716610354,0.0797523248651639,0.33701144186275406,0.2884358270890921,0.2850525405494083,0.29483583793745555,0.3340273969999329,0.2855750320488783,0.23861566183402985,0.11036245239714643,0.07686223405062753,,0.1595778386364195,0.1360859968781062,0.16713247732861275,0.17801577259266804,0.13857486496734067,0.4448160961962945,0.45680106702129525,0.46336829908396615,0.20899151742304595,0.10480482753488098,0.09573264835021005,,0.01933929930439986,,0.18213323636765305,0.16921644491153626,0.18152220956514425,0.06240590713422662,0.1731786051774582,0.2731819309905982,0.31018180577106597,0.29753826209707146,0.18013426982641761,0.13958219227261218,,,0.1804367687327668,0.023710806709349497,0.16236316876762868,0.1358424825886302,0.1480332545110878,0.12242309267370927,0.14021376330292915,0.20958734484686506,0.2348089390693033,0.2248711590818556,0.1609466671013654,0.09961405283644115,,,0.01933929930439986,0.18744280639379957,0.026882618922046995,0.0062561415697972005,0.022005881219418787,0.22249413201407106,0.025297786672807503,0.11082376191334305,0.13769898999928026,0.12384699544506503,0.04465479543333018,0.0069391255940887756,,,,,0.011677209716454693,0.008004651038491125,0.00792534406994226,0.12386542189803298,0.009066744776919084,0.09533569935144634,0.10300973738443349,0.09943178632588953,0.02989732694164911,0.01933929930439986,,,0.01933929930439986,,0.015458233058861832,0.016389547404347435,0.015817871419786456,0.013810958794998043,0.0153937413199685,0.015232973379662638,0.012366757066397767,0.01390629701910039,0.0152519151082059,0.01563231155787866,,,0.00440859215580349,
19,0.5358954523278001,0.5080731807537846,0.5504297867993623,0.12964324800765367,0.40316968723692187,0.17204161932510842,0.12169904027231337,0.062330667142258,0.2543395610569048,0.5393006560131972,0.17446099801912393,,,,0.14032502734579144,0.11090866756988284,0.20184525895773547,0.20856752024811362,0.025920666212827886,1.0,0.8926273492023573,0.9685383900313166,0.3422110337085769,0.11708832116776355,0.015228369903202314,,0.3907019792297808,,0.47327157820494653,0.5299354699182754,0.5720762396499595,0.19793603747621524,0.4205255926839625,0.2428121261188385,0.1950901084777682,0.22120445792901614,0.37116229923312505,0.23762948621943822,,0.3321659178852857,0.2937400252299623,,0.3209856104774808,0.2980506794547589,0.3212197825313495,0.028824464947756694,0.3195754847462779,0.2644143778617641,0.2673846763203423,0.2734716480314041,0.3642427157599119,0.15701347385824926,0.17128841480339355,0.09247163425043559,0.1329607654657183,,0.3405419904694506,0.3722307792322068,0.3588919934256568,0.1277485361627433,0.3248522670012443,0.12026510214163055,0.07675730045570879,0.10236450396389102,0.3163600449947843,0.34294224776527643,0.14222462953722084,,0.2529450582877546,,0.41576004041093545,0.4258016055658388,0.4197608593758354,0.10724365031933873,0.4116527667557259,0.24728237096879527,0.22162625869851044,0.2387512950085136,0.3809396721890979,0.3660804081988759,,,0.06638862135643375,0.0017609476131991845,0.4377446719230883,0.4335217304120016,0.43618801572638366,0.13322806562046718,0.42137890351180385,0.3558142904617608,0.29279221870951333,0.3286709348728174,0.42804337690149974,0.38827297181238146,,,0.2529450582877546,0.15711956831967347,0.34607016545841807,0.3170623166152271,0.3393904534840418,0.23385965944455078,0.3435648519580579,0.41741631909600135,0.41947019245958417,0.4197944887578193,0.3670311940048601,0.3071475088691405,,,,,0.3153542452004154,0.29300983375749245,0.3121940299807796,0.19923002744226234,0.3123909786894782,0.33918364766637493,0.32382799696952785,0.33281341831098255,0.32941036184421996,0.2529450582877546,,,0.2529450582877546,,0.28919965258551156,0.2829178324563377,0.2869149897348063,0.29767155707947895,0.28959156642200684,0.2905457092007312,0.30278039858499634,0.2972628516561638,0.2904349683605619,0.2881150519494771,,,0.30264708955201736,
